full,0
prof_local,2
len,128
1,0
1,4
1,7
1,13
1,25
1,26
1,27
1,30
1,32
1,34
1,35
1,43
1,48
1,49
1,50
1,59
1,64
1,65
1,66
1,74
1,78
1,82
1,83
1,90
1,93
1,95
1,97
1,102
1,107
1,109
1,110
1,114
1,116
1,117
1,118
1,132
1,133
1,139
1,140
1,142
1,144
1,146
1,148
1,152
1,157
1,158
1,159
1,169
1,170
1,172
1,174
1,182
1,183
1,185
1,188
1,190
1,193
1,204
1,207
1,211
1,214
1,215
1,220
1,227
1,235
1,237
1,244
1,245
1,246
1,250
1,252
1,257
1,261
1,272
1,273
1,280
1,281
1,286
1,294
1,299
1,307
1,309
1,310
1,311
1,314
1,316
1,317
1,335
1,342
1,348
1,349
1,351
1,352
1,356
1,357
1,360
1,363
1,364
1,381
1,385
1,387
1,390
1,393
1,397
1,400
1,401
1,403
1,408
1,418
1,422
1,428
1,430
1,431
1,433
1,435
1,444
1,449
1,457
1,458
1,460
1,469
1,470
1,480
1,486
1,488
1,493
1,497
1,499
end