full,0
prof_local,2
len,123
41,1
1,5
53,18
37,24
17,26
65,27
53,28
13,35
21,46
29,47
37,48
53,50
29,55
29,68
45,69
5,70
45,73
17,80
53,82
57,83
45,85
65,90
1,92
41,99
25,100
49,101
13,114
65,116
57,121
61,123
21,124
57,125
57,126
41,129
69,130
53,132
5,139
29,146
57,151
61,153
57,158
33,160
21,168
25,170
61,177
9,184
33,186
9,188
57,190
1,196
49,200
73,212
45,218
1,219
25,222
73,223
33,224
57,227
9,233
61,241
29,247
61,249
41,272
57,273
13,275
17,279
73,281
57,282
45,285
41,288
49,290
65,292
37,296
69,304
53,308
73,310
57,316
61,323
37,328
5,329
57,330
17,343
13,346
53,350
73,356
57,364
49,366
45,377
5,379
65,383
9,384
29,386
17,390
25,393
5,402
73,410
73,411
61,418
33,421
25,424
33,425
53,426
49,428
53,431
13,437
65,438
37,441
37,443
49,444
29,445
37,449
29,450
9,455
73,458
33,461
5,462
65,464
49,480
41,486
21,488
69,490
45,494
33,495
end